# Kernel matrix for dsgdb7njp_postprocessed_small_55.xyz. Cutoff: 5.000000  COTW: 0.500000  Nmax: 8  Lmax: 6  Atoms-sigma: 0.500000  Mu: 0.000000  Central-weight: 1.000000  Zeta: 1.000000   Kernel: match  Ignored_Z: []  Ignored_Centers_Z: [] 
  1.00000000e+00   7.08693377e-01   7.61753162e-01   6.16846935e-01   5.70807383e-01   5.50399109e-01   3.52358941e-01   7.50532330e-01   6.46987477e-01   6.17288474e-01   6.30608441e-01   6.07134446e-01   6.95424282e-01   6.65640467e-01   4.91580753e-01   6.71729160e-01   4.53428257e-01   4.45440652e-01   4.81042016e-01   4.25851125e-01   5.24438246e-02   6.78217741e-02   6.17050188e-01   2.14564593e-01   1.28884651e-01   6.84028988e-01   1.51067223e-01   4.06051460e-01   5.22249441e-01   4.90717791e-01   5.15520336e-01   3.94990345e-01   2.89487815e-01   4.87309906e-01   5.65565800e-01   5.34729229e-01   5.47196120e-01   4.87496532e-01   5.01050102e-01   1.43308766e-01   4.05692976e-01   5.58373305e-01   5.41802877e-01   5.27253801e-01   2.78275623e-01   5.19745182e-01   1.95984923e-01   2.10048230e-01   5.62766719e-01   3.12451269e-01   5.20161195e-01   5.31246037e-01   1.29685082e-01   6.04706385e-01   6.98691126e-02 
  7.08693377e-01   1.00000000e+00   8.19236817e-01   5.77703171e-01   8.70299320e-01   7.98442149e-01   5.37717436e-01   6.79656812e-01   7.95523914e-01   8.24248179e-01   5.82450442e-01   7.94754922e-01   7.53335385e-01   8.75051899e-01   5.67858064e-01   8.32276609e-01   6.91409973e-01   6.43139781e-01   6.76220985e-01   6.13910129e-01   1.60431444e-01   2.06373062e-01   5.62707580e-01   3.37565664e-01   2.33547112e-01   7.74621395e-01   2.63740022e-01   5.88006591e-01   7.45665150e-01   6.67434533e-01   7.17037905e-01   4.81281151e-01   3.10542531e-01   6.85377307e-01   7.12988906e-01   7.04297639e-01   7.08374108e-01   6.53435136e-01   7.01787026e-01   2.53738181e-01   5.36799188e-01   7.84127735e-01   7.08564788e-01   7.38899393e-01   3.96956017e-01   7.23630361e-01   3.84618186e-01   4.09379948e-01   7.27793824e-01   4.35479373e-01   7.33815196e-01   5.01056809e-01   2.41547584e-01   6.07200883e-01   1.96060438e-01 
  7.61753162e-01   8.19236817e-01   1.00000000e+00   7.62753883e-01   7.59780214e-01   6.67833721e-01   4.90916729e-01   8.04118768e-01   8.05614827e-01   7.12197607e-01   6.74352236e-01   6.80757066e-01   8.68986150e-01   7.62001428e-01   6.32176356e-01   7.40824319e-01   6.05988475e-01   5.81895236e-01   5.80278270e-01   5.26213537e-01   1.20418153e-01   1.55786543e-01   7.12032143e-01   2.95315876e-01   2.03796244e-01   7.45862049e-01   2.32154866e-01   5.28025170e-01   6.62875560e-01   6.09345629e-01   6.12253017e-01   5.36461864e-01   3.27315737e-01   5.84565965e-01   7.02779625e-01   6.12348984e-01   6.48984397e-01   5.63520928e-01   6.62144248e-01   2.26832654e-01   5.30316277e-01   7.15560792e-01   6.62224165e-01   6.31863589e-01   4.37420435e-01   6.23128677e-01   2.90993332e-01   3.26415362e-01   6.49580772e-01   4.06025517e-01   6.99488637e-01   6.22776652e-01   2.19080865e-01   7.02079938e-01   1.40769512e-01 
  6.16846935e-01   5.77703171e-01   7.62753883e-01   1.00000000e+00   5.69526012e-01   4.86102770e-01   3.15179692e-01   7.11507760e-01   6.17791868e-01   5.21323045e-01   5.81240894e-01   5.05069705e-01   6.96671703e-01   5.61020923e-01   4.26365717e-01   5.61295604e-01   4.55734584e-01   4.36569583e-01   4.30728345e-01   3.90886102e-01   3.55824293e-02   6.58224763e-02   8.41157839e-01   1.75652105e-01   1.10096164e-01   6.30913707e-01   1.30429101e-01   3.58364189e-01   5.09136292e-01   4.58644978e-01   4.61244380e-01   4.31466402e-01   2.58572175e-01   4.37843444e-01   5.15579493e-01   4.63631439e-01   5.01826242e-01   4.28411984e-01   5.12253886e-01   1.31175876e-01   3.92806734e-01   5.61087545e-01   5.06511988e-01   4.69902787e-01   3.15656111e-01   4.65525062e-01   1.41769984e-01   1.72538178e-01   5.01178869e-01   2.67194496e-01   5.36574043e-01   6.95740571e-01   1.20343775e-01   6.22653745e-01   4.39476760e-02 
  5.70807383e-01   8.70299320e-01   7.59780214e-01   5.69526012e-01   1.00000000e+00   8.57477901e-01   5.99889232e-01   6.74210799e-01   7.51433929e-01   7.59226322e-01   5.40557543e-01   7.04901561e-01   7.03643584e-01   8.00083334e-01   5.38235864e-01   7.19459594e-01   8.07553654e-01   7.42736702e-01   7.37718541e-01   6.74944187e-01   2.08183888e-01   2.41144515e-01   5.50037043e-01   3.70771308e-01   2.74334338e-01   7.40788886e-01   3.08158115e-01   6.51322210e-01   8.35773936e-01   7.29832397e-01   7.76202676e-01   5.16264596e-01   3.10410860e-01   7.32174119e-01   7.43579411e-01   7.32093342e-01   7.60378553e-01   6.76974840e-01   8.05958333e-01   2.90152146e-01   6.02458489e-01   8.80635210e-01   7.71947436e-01   8.02958733e-01   4.40502077e-01   7.70766138e-01   4.30670122e-01   4.77576615e-01   7.44784258e-01   4.50758472e-01   8.48462352e-01   4.98764581e-01   2.86439640e-01   6.15980800e-01   2.24174073e-01 
  5.50399109e-01   7.98442149e-01   6.67833721e-01   4.86102770e-01   8.57477901e-01   1.00000000e+00   6.34610163e-01   6.28924026e-01   6.75510263e-01   7.73973638e-01   5.19393264e-01   7.75025813e-01   6.28900496e-01   7.42673285e-01   5.39672825e-01   7.12711810e-01   8.86662104e-01   8.49484681e-01   8.41183517e-01   8.07933135e-01   2.94486227e-01   2.95810457e-01   4.85675108e-01   4.96294266e-01   3.92671476e-01   6.98363619e-01   4.19147885e-01   6.60835552e-01   8.30084818e-01   7.80014242e-01   8.66686519e-01   5.01875914e-01   3.16769710e-01   8.56570278e-01   7.03560989e-01   8.39974306e-01   7.96945321e-01   8.06276517e-01   7.93427120e-01   3.83132266e-01   6.05464514e-01   7.99424320e-01   7.48646398e-01   8.98692177e-01   4.52592672e-01   8.97070411e-01   5.04740533e-01   5.29757345e-01   8.49463350e-01   5.07952582e-01   7.64639455e-01   4.60782575e-01   3.61974191e-01   5.86304374e-01   2.88440791e-01 
  3.52358941e-01   5.37717436e-01   4.90916729e-01   3.15179692e-01   5.99889232e-01   6.34610163e-01   1.00000000e+00   5.00303241e-01   4.73402285e-01   5.40344056e-01   4.56787545e-01   5.44539755e-01   4.36308822e-01   5.29547355e-01   6.40243934e-01   5.40240086e-01   6.08154170e-01   7.15329811e-01   6.22332145e-01   6.29708808e-01   6.45645922e-01   5.85695920e-01   4.02318103e-01   7.27376531e-01   6.62684585e-01   5.95124390e-01   6.80147194e-01   7.78589755e-01   5.95577395e-01   7.46345466e-01   6.16071251e-01   5.36801532e-01   2.82569904e-01   6.02104632e-01   6.62529073e-01   6.14817257e-01   6.71593700e-01   5.93651661e-01   6.46169031e-01   7.03344428e-01   6.83445347e-01   5.98102273e-01   7.66875520e-01   6.23740078e-01   6.82925598e-01   6.37510467e-01   7.83269663e-01   7.77390892e-01   6.48672875e-01   8.13481028e-01   6.58613848e-01   4.28522555e-01   7.37532104e-01   5.68968098e-01   5.82919150e-01 
  7.50532330e-01   6.79656812e-01   8.04118768e-01   7.11507760e-01   6.74210799e-01   6.28924026e-01   5.00303241e-01   1.00000000e+00   6.75839210e-01   6.26546121e-01   7.25457853e-01   6.06328516e-01   7.29642737e-01   6.62374768e-01   6.03753557e-01   6.68809818e-01   5.64380602e-01   5.78024845e-01   5.43368588e-01   5.24420615e-01   1.12484829e-01   1.73159812e-01   7.37040725e-01   3.00170930e-01   2.11803362e-01   7.86137085e-01   2.26289303e-01   5.47977314e-01   6.12480047e-01   6.12191938e-01   5.74817498e-01   5.55607934e-01   3.60754316e-01   5.71031699e-01   6.91456196e-01   5.76924004e-01   6.33415171e-01   5.35443100e-01   6.24250198e-01   2.16804436e-01   5.87591978e-01   6.70024051e-01   6.81921607e-01   5.92311721e-01   4.42802868e-01   6.08239145e-01   2.89097559e-01   3.08068355e-01   6.26062052e-01   4.11430776e-01   6.49485379e-01   6.79785879e-01   2.13496635e-01   7.97903937e-01   1.63435617e-01 
  6.46987477e-01   7.95523914e-01   8.05614827e-01   6.17791868e-01   7.51433929e-01   6.75510263e-01   4.73402285e-01   6.75839210e-01   1.00000000e+00   8.50715753e-01   6.43903587e-01   8.52654270e-01   7.40159210e-01   7.50503588e-01   5.46679943e-01   6.98194152e-01   6.18669909e-01   5.81449111e-01   5.93859480e-01   5.42914894e-01   1.50786863e-01   1.98784013e-01   5.88853587e-01   2.99414497e-01   2.18986187e-01   6.71667492e-01   2.46140655e-01   5.38913853e-01   8.02142211e-01   7.08644416e-01   7.11502665e-01   5.05683219e-01   3.22628024e-01   6.80910956e-01   7.63555655e-01   7.31295003e-01   7.54631992e-01   6.64390158e-01   7.42598951e-01   2.65593322e-01   6.48439809e-01   6.98545629e-01   6.36359372e-01   6.43430247e-01   3.99914768e-01   6.30235418e-01   3.23200237e-01   3.54129515e-01   6.37743795e-01   3.86434564e-01   6.85129977e-01   5.23386901e-01   2.33514591e-01   6.11258878e-01   1.85623613e-01 
  6.17288474e-01   8.24248179e-01   7.12197607e-01   5.21323045e-01   7.59226322e-01   7.73973638e-01   5.40344056e-01   6.26546121e-01   8.50715753e-01   1.00000000e+00   6.15241038e-01   9.10722963e-01   6.66386931e-01   7.83873896e-01   5.53705861e-01   7.17861758e-01   6.88452838e-01   6.60970400e-01   6.71350587e-01   6.35750875e-01   2.28302418e-01   2.55326668e-01   5.17039098e-01   3.79951518e-01   2.93879183e-01   6.59927889e-01   3.20240052e-01   5.77401636e-01   8.62020497e-01   8.07239616e-01   8.25834589e-01   4.99549885e-01   3.24287683e-01   8.15637201e-01   7.33958066e-01   8.11540530e-01   7.93846320e-01   7.28010401e-01   8.63917400e-01   3.70919525e-01   6.58663034e-01   7.08850158e-01   6.71677473e-01   7.28729107e-01   4.16686200e-01   7.15706249e-01   4.18448900e-01   4.41755154e-01   7.00741777e-01   4.43291728e-01   6.90253593e-01   4.72753443e-01   3.02505706e-01   5.73745024e-01   2.87282415e-01 
  6.30608441e-01   5.82450442e-01   6.74352236e-01   5.81240894e-01   5.40557543e-01   5.19393264e-01   4.56787545e-01   7.25457853e-01   6.43903587e-01   6.15241038e-01   1.00000000e+00   5.81414468e-01   6.09592396e-01   5.72847969e-01   5.79044363e-01   5.69034003e-01   4.68426011e-01   4.88888906e-01   4.75826319e-01   4.46615668e-01   1.58842599e-01   2.17953753e-01   6.28090485e-01   3.13707434e-01   2.34171675e-01   6.67392151e-01   2.49190675e-01   4.63665600e-01   5.64849481e-01   5.95735209e-01   5.34402378e-01   6.07214532e-01   3.53253330e-01   5.35565171e-01   7.22714686e-01   5.62324010e-01   5.83262768e-01   5.00568773e-01   5.88727295e-01   2.90874243e-01   5.72145017e-01   5.40253052e-01   5.59963246e-01   5.02525144e-01   4.29077572e-01   5.11442495e-01   2.94248103e-01   3.06725304e-01   5.47329442e-01   4.10973300e-01   5.30590950e-01   5.89018728e-01   2.43932767e-01   6.45050902e-01   2.20612649e-01 
  6.07134446e-01   7.94754922e-01   6.80757066e-01   5.05069705e-01   7.04901561e-01   7.75025813e-01   5.44539755e-01   6.06328516e-01   8.52654270e-01   9.10722963e-01   5.81414468e-01   1.00000000e+00   6.40268368e-01   7.41759245e-01   5.38915195e-01   7.48196451e-01   6.58831394e-01   6.51724264e-01   6.68912556e-01   6.44173986e-01   2.29753867e-01   2.58505944e-01   5.15580675e-01   3.90536581e-01   3.00459998e-01   6.72861059e-01   3.22147491e-01   5.75751965e-01   8.58687352e-01   7.99855828e-01   7.79859682e-01   4.92251398e-01   3.32799967e-01   7.73283857e-01   7.00594024e-01   8.27048347e-01   8.56172738e-01   7.99888232e-01   7.60257180e-01   3.64330848e-01   6.31238400e-01   6.77358532e-01   6.60135103e-01   7.14389809e-01   4.13190166e-01   7.23341123e-01   4.23796538e-01   4.37554467e-01   7.05355499e-01   4.59349875e-01   6.42986085e-01   4.78160791e-01   3.07819027e-01   5.73109544e-01   2.95082888e-01 
  6.95424282e-01   7.53335385e-01   8.68986150e-01   6.96671703e-01   7.03643584e-01   6.28900496e-01   4.36308822e-01   7.29642737e-01   7.40159210e-01   6.66386931e-01   6.09592396e-01   6.40268368e-01   1.00000000e+00   8.16408405e-01   6.31986899e-01   8.46319152e-01   5.72848419e-01   5.42854094e-01   5.51906381e-01   5.02660771e-01   1.20186350e-01   1.53211658e-01   6.52586796e-01   2.70445548e-01   1.90528690e-01   6.93683903e-01   2.13612508e-01   4.87090815e-01   6.24909668e-01   5.60321360e-01   5.80962595e-01   4.94709895e-01   3.27690865e-01   5.57077983e-01   6.40801824e-01   5.78761174e-01   6.05865803e-01   5.39376654e-01   6.17146924e-01   2.08891786e-01   4.88504087e-01   7.87099213e-01   6.99982516e-01   6.57018393e-01   4.08351479e-01   6.49328787e-01   2.81917199e-01   3.28112378e-01   7.03780855e-01   4.05450126e-01   7.14514638e-01   6.31764391e-01   2.05360597e-01   7.33970560e-01   1.30631810e-01 
  6.65640467e-01   8.75051899e-01   7.62001428e-01   5.61020923e-01   8.00083334e-01   7.42673285e-01   5.29547355e-01   6.62374768e-01   7.50503588e-01   7.83873896e-01   5.72847969e-01   7.41759245e-01   8.16408405e-01   1.00000000e+00   6.38495141e-01   8.72885357e-01   6.61759551e-01   6.27207791e-01   6.45939107e-01   5.94037679e-01   1.89097620e-01   2.33396511e-01   5.48267142e-01   3.46008878e-01   2.55650089e-01   6.96972773e-01   2.83795659e-01   5.78293198e-01   7.08421439e-01   6.48356961e-01   6.84986054e-01   4.84426502e-01   3.21294863e-01   6.54746699e-01   6.81388675e-01   6.79596922e-01   6.76415393e-01   6.16620284e-01   6.86488611e-01   2.76563020e-01   5.40510728e-01   8.48028577e-01   7.90042788e-01   7.96357800e-01   4.38509182e-01   8.01262763e-01   4.25501726e-01   4.81963347e-01   7.80240132e-01   4.88812168e-01   8.37171393e-01   5.25144901e-01   2.98408393e-01   6.93650562e-01   2.40779819e-01 
  4.91580753e-01   5.67858064e-01   6.32176356e-01   4.26365717e-01   5.38235864e-01   5.39672825e-01   6.40243934e-01   6.03753557e-01   5.46679943e-01   5.53705861e-01   5.79044363e-01   5.38915195e-01   6.31986899e-01   6.38495141e-01   1.00000000e+00   6.34702975e-01   5.04118258e-01   5.58552966e-01   5.13991028e-01   4.97588802e-01   3.46821215e-01   4.11283732e-01   5.07442426e-01   4.68449652e-01   3.99531423e-01   6.00109490e-01   4.17137580e-01   5.54958815e-01   5.18680897e-01   5.87262595e-01   5.24159431e-01   5.09284071e-01   2.72090946e-01   5.03998962e-01   6.02531357e-01   5.32597862e-01   5.73447030e-01   4.97170018e-01   5.51818131e-01   4.21744936e-01   5.54539938e-01   6.13765301e-01   7.23062978e-01   5.95344614e-01   7.61461461e-01   6.11897201e-01   5.65903752e-01   5.76501243e-01   6.41798343e-01   6.87222417e-01   6.57439742e-01   5.77819042e-01   5.26905053e-01   6.89741172e-01   4.64061106e-01 
  6.71729160e-01   8.32276609e-01   7.40824319e-01   5.61295604e-01   7.19459594e-01   7.12711810e-01   5.40240086e-01   6.68809818e-01   6.98194152e-01   7.17861758e-01   5.69034003e-01   7.48196451e-01   8.46319152e-01   8.72885357e-01   6.34702975e-01   1.00000000e+00   6.13679459e-01   6.03065545e-01   6.15818269e-01   5.91476446e-01   1.84232963e-01   2.40839873e-01   5.68514348e-01   3.55669448e-01   2.63042550e-01   7.30048760e-01   2.83359241e-01   5.70956774e-01   6.69604615e-01   6.40051610e-01   6.43668288e-01   4.93310829e-01   3.38714437e-01   6.43876622e-01   6.57390862e-01   6.49126069e-01   6.86459605e-01   6.50346037e-01   6.34139168e-01   2.81465881e-01   5.35931049e-01   8.46040881e-01   7.93650961e-01   7.33444132e-01   4.45299254e-01   7.46653637e-01   4.31974707e-01   4.61074131e-01   8.05475040e-01   5.30392812e-01   7.32219112e-01   5.65465461e-01   3.01396220e-01   6.88399729e-01   2.50767441e-01 
  4.53428257e-01   6.91409973e-01   6.05988475e-01   4.55734584e-01   8.07553654e-01   8.86662104e-01   6.08154170e-01   5.64380602e-01   6.18669909e-01   6.88452838e-01   4.68426011e-01   6.58831394e-01   5.72848419e-01   6.61759551e-01   5.04118258e-01   6.13679459e-01   1.00000000e+00   9.22460764e-01   8.75589062e-01   8.45484704e-01   3.42651613e-01   3.34101849e-01   4.60506186e-01   5.41535580e-01   4.49851801e-01   6.62500422e-01   4.75674033e-01   6.89570568e-01   7.95836328e-01   7.31485379e-01   8.02323765e-01   5.01940693e-01   3.10220099e-01   7.85573774e-01   6.54593008e-01   7.54648863e-01   7.42394616e-01   7.45715351e-01   7.68527705e-01   3.97919711e-01   5.90704514e-01   7.51990459e-01   6.97107440e-01   8.30179181e-01   4.56478867e-01   8.17876980e-01   4.99015537e-01   5.33538592e-01   7.49750016e-01   4.76714806e-01   7.40892651e-01   4.39466787e-01   3.76419801e-01   5.48377843e-01   3.00633830e-01 
  4.45440652e-01   6.43139781e-01   5.81895236e-01   4.36569583e-01   7.42736702e-01   8.49484681e-01   7.15329811e-01   5.78024845e-01   5.81449111e-01   6.60970400e-01   4.88888906e-01   6.51724264e-01   5.42854094e-01   6.27207791e-01   5.58552966e-01   6.03065545e-01   9.22460764e-01   1.00000000e+00   8.56144643e-01   8.70134372e-01   4.48548235e-01   4.10308414e-01   4.60226512e-01   6.87019003e-01   6.08147479e-01   6.73312162e-01   6.28044703e-01   7.46831798e-01   7.44762601e-01   7.98325325e-01   7.77054693e-01   5.25011544e-01   3.11166067e-01   7.76065970e-01   6.62304104e-01   7.51279510e-01   7.78082219e-01   7.55711137e-01   7.79500152e-01   5.28193363e-01   6.33309538e-01   7.10115165e-01   7.51415511e-01   8.12243912e-01   5.31701334e-01   8.14968640e-01   5.93178691e-01   6.23491485e-01   7.67639985e-01   5.95067774e-01   7.38985600e-01   4.57695540e-01   4.96342416e-01   5.71463330e-01   3.95516215e-01 
  4.81042016e-01   6.76220985e-01   5.80278270e-01   4.30728345e-01   7.37718541e-01   8.41183517e-01   6.22332145e-01   5.43368588e-01   5.93859480e-01   6.71350587e-01   4.75826319e-01   6.68912556e-01   5.51906381e-01   6.45939107e-01   5.13991028e-01   6.15818269e-01   8.75589062e-01   8.56144643e-01   1.00000000e+00   9.42715791e-01   3.90679504e-01   3.65645431e-01   4.40674954e-01   5.87241697e-01   4.87117726e-01   6.69702745e-01   5.13690981e-01   6.79413455e-01   7.30993362e-01   7.09587535e-01   8.23605163e-01   4.86572841e-01   3.17129839e-01   8.03477587e-01   6.38600204e-01   8.19084293e-01   7.16385420e-01   7.82414698e-01   7.12730677e-01   4.37187670e-01   5.80730362e-01   6.92751953e-01   6.78153037e-01   7.93473674e-01   4.61497903e-01   7.85471469e-01   5.26805754e-01   5.55555759e-01   7.57870530e-01   5.22297338e-01   6.86167921e-01   4.29338725e-01   4.15973061e-01   5.32866583e-01   3.42315609e-01 
  4.25851125e-01   6.13910129e-01   5.26213537e-01   3.90886102e-01   6.74944187e-01   8.07933135e-01   6.29708808e-01   5.24420615e-01   5.42914894e-01   6.35750875e-01   4.46615668e-01   6.44173986e-01   5.02660771e-01   5.94037679e-01   4.97588802e-01   5.91476446e-01   8.45484704e-01   8.70134372e-01   9.42715791e-01   1.00000000e+00   4.10720053e-01   3.74114257e-01   4.04500047e-01   6.08628388e-01   5.44644785e-01   6.07688325e-01   5.53631321e-01   6.76741547e-01   6.99000426e-01   7.16034676e-01   7.81844824e-01   4.72638563e-01   2.94660288e-01   8.17688697e-01   6.02313753e-01   7.67572279e-01   7.21235154e-01   8.11240384e-01   7.07017878e-01   4.71796108e-01   5.80488095e-01   6.60062709e-01   6.73343572e-01   7.60230383e-01   4.65739264e-01   7.75363722e-01   5.44500472e-01   5.68380317e-01   7.24842429e-01   5.28538294e-01   6.60394218e-01   4.10131952e-01   4.40996115e-01   5.16762758e-01   3.66214846e-01 
  5.24438246e-02   1.60431444e-01   1.20418153e-01   3.55824293e-02   2.08183888e-01   2.94486227e-01   6.45645922e-01   1.12484829e-01   1.50786863e-01   2.28302418e-01   1.58842599e-01   2.29753867e-01   1.20186350e-01   1.89097620e-01   3.46821215e-01   1.84232963e-01   3.42651613e-01   4.48548235e-01   3.90679504e-01   4.10720053e-01   1.00000000e+00   7.57777277e-01   8.14914919e-02   7.42427632e-01   7.83839838e-01   2.04386009e-01   7.71788439e-01   6.17369162e-01   2.70439309e-01   3.98130185e-01   3.27304306e-01   3.37397744e-01   2.19994821e-01   3.21224821e-01   3.18733766e-01   3.25768076e-01   3.24424096e-01   3.29911355e-01   3.08788397e-01   7.33898928e-01   4.37951107e-01   2.32285776e-01   3.67726895e-01   3.15522151e-01   5.17408064e-01   3.15885760e-01   7.65191012e-01   7.46826303e-01   3.11951180e-01   6.31375009e-01   2.95283151e-01   1.63178905e-01   8.10566307e-01   2.30666947e-01   6.67049708e-01 
  6.78217741e-02   2.06373062e-01   1.55786543e-01   6.58224763e-02   2.41144515e-01   2.95810457e-01   5.85695920e-01   1.73159812e-01   1.98784013e-01   2.55326668e-01   2.17953753e-01   2.58505944e-01   1.53211658e-01   2.33396511e-01   4.11283732e-01   2.40839873e-01   3.34101849e-01   4.10308414e-01   3.65645431e-01   3.74114257e-01   7.57777277e-01   1.00000000e+00   1.47173810e-01   6.02730495e-01   5.99605467e-01   3.13122015e-01   5.95084407e-01   5.67789005e-01   2.88378461e-01   3.69712468e-01   3.25287178e-01   4.43641980e-01   3.49203882e-01   3.10858272e-01   3.62459525e-01   3.31075010e-01   3.33947758e-01   3.19544230e-01   3.15536837e-01   5.61630000e-01   4.73701709e-01   2.73049428e-01   3.67656103e-01   3.10829647e-01   6.55478868e-01   3.15091359e-01   5.84685798e-01   5.73222569e-01   3.27439575e-01   5.43704249e-01   3.11732735e-01   2.55758031e-01   6.31755303e-01   3.12629462e-01   5.69744636e-01 
  6.17050188e-01   5.62707580e-01   7.12032143e-01   8.41157839e-01   5.50037043e-01   4.85675108e-01   4.02318103e-01   7.37040725e-01   5.88853587e-01   5.17039098e-01   6.28090485e-01   5.15580675e-01   6.52586796e-01   5.48267142e-01   5.07442426e-01   5.68514348e-01   4.60506186e-01   4.60226512e-01   4.40674954e-01   4.04500047e-01   8.14914919e-02   1.47173810e-01   1.00000000e+00   2.34711212e-01   1.58523134e-01   7.03444476e-01   1.78253606e-01   4.19352602e-01   5.02371663e-01   4.91003845e-01   4.61940284e-01   5.18806650e-01   4.01995842e-01   4.46942175e-01   5.45650628e-01   4.73025268e-01   5.16563747e-01   4.40776844e-01   5.14201673e-01   2.17562403e-01   4.66163773e-01   5.50971669e-01   5.41534017e-01   4.70318168e-01   4.13603212e-01   4.79101570e-01   2.32370922e-01   2.58555041e-01   5.12952259e-01   3.59966657e-01   5.38094105e-01   7.87267939e-01   2.15387196e-01   6.83841499e-01   1.90478591e-01 
  2.14564593e-01   3.37565664e-01   2.95315876e-01   1.75652105e-01   3.70771308e-01   4.96294266e-01   7.27376531e-01   3.00170930e-01   2.99414497e-01   3.79951518e-01   3.13707434e-01   3.90536581e-01   2.70445548e-01   3.46008878e-01   4.68449652e-01   3.55669448e-01   5.41535580e-01   6.87019003e-01   5.87241697e-01   6.08628388e-01   7.42427632e-01   6.02730495e-01   2.34711212e-01   1.00000000e+00   9.21063915e-01   4.27414655e-01   9.29946737e-01   6.57960748e-01   4.22460577e-01   5.81893142e-01   5.02315008e-01   3.89194995e-01   2.27289896e-01   4.97246069e-01   4.60795578e-01   5.10677402e-01   4.99444774e-01   5.04839893e-01   4.75343839e-01   7.73709316e-01   5.11298978e-01   3.84232667e-01   5.24754610e-01   5.06318016e-01   5.54876008e-01   5.13031837e-01   7.05358887e-01   6.94300907e-01   5.27154228e-01   7.06869918e-01   4.39184826e-01   2.87280326e-01   7.14798485e-01   3.70435352e-01   5.77696543e-01 
  1.28884651e-01   2.33547112e-01   2.03796244e-01   1.10096164e-01   2.74334338e-01   3.92671476e-01   6.62684585e-01   2.11803362e-01   2.18986187e-01   2.93879183e-01   2.34171675e-01   3.00459998e-01   1.90528690e-01   2.55650089e-01   3.99531423e-01   2.63042550e-01   4.49851801e-01   6.08147479e-01   4.87117726e-01   5.44644785e-01   7.83839838e-01   5.99605467e-01   1.58523134e-01   9.21063915e-01   1.00000000e+00   2.97435549e-01   9.74925085e-01   6.10605387e-01   3.42780176e-01   5.03450550e-01   4.12561926e-01   3.47758524e-01   1.90457805e-01   4.24562879e-01   3.74505526e-01   4.05449614e-01   4.17050809e-01   4.39850880e-01   3.98392671e-01   8.02131703e-01   4.64850171e-01   2.99730706e-01   4.44068894e-01   4.13024982e-01   5.20829020e-01   4.24242105e-01   6.88424287e-01   6.70529585e-01   4.08252622e-01   6.30348091e-01   3.61427110e-01   2.28689525e-01   7.40291229e-01   3.09766814e-01   5.91237519e-01 
  6.84028988e-01   7.74621395e-01   7.45862049e-01   6.30913707e-01   7.40788886e-01   6.98363619e-01   5.95124390e-01   7.86137085e-01   6.71667492e-01   6.59927889e-01   6.67392151e-01   6.72861059e-01   6.93683903e-01   6.96972773e-01   6.00109490e-01   7.30048760e-01   6.62500422e-01   6.73312162e-01   6.69702745e-01   6.07688325e-01   2.04386009e-01   3.13122015e-01   7.03444476e-01   4.27414655e-01   2.97435549e-01   1.00000000e+00   3.17022009e-01   6.54842919e-01   6.61402459e-01   6.67234336e-01   6.33829118e-01   5.58934531e-01   4.18884542e-01   6.22173864e-01   7.33181027e-01   6.57022410e-01   6.80109731e-01   5.98192473e-01   6.57450309e-01   3.06617150e-01   5.78836937e-01   7.10190394e-01   7.22000266e-01   6.53688346e-01   4.89023881e-01   6.72331349e-01   4.01620285e-01   4.12543960e-01   7.11261428e-01   5.31854080e-01   6.87667340e-01   6.26562075e-01   3.06080165e-01   6.98070173e-01   2.52674053e-01 
  1.51067223e-01   2.63740022e-01   2.32154866e-01   1.30429101e-01   3.08158115e-01   4.19147885e-01   6.80147194e-01   2.26289303e-01   2.46140655e-01   3.20240052e-01   2.49190675e-01   3.22147491e-01   2.13612508e-01   2.83795659e-01   4.17137580e-01   2.83359241e-01   4.75674033e-01   6.28044703e-01   5.13690981e-01   5.53631321e-01   7.71788439e-01   5.95084407e-01   1.78253606e-01   9.29946737e-01   9.74925085e-01   3.17022009e-01   1.00000000e+00   6.27234931e-01   3.69558002e-01   5.26045950e-01   4.38908412e-01   3.54406268e-01   2.00422113e-01   4.36245670e-01   3.95211334e-01   4.32482939e-01   4.41324460e-01   4.45928473e-01   4.21483549e-01   8.12666020e-01   4.74953720e-01   3.25764210e-01   4.65873927e-01   4.41003843e-01   5.36419375e-01   4.43903609e-01   6.86980604e-01   6.81388204e-01   4.39411194e-01   6.52068124e-01   3.85210295e-01   2.47284077e-01   7.41142554e-01   3.25383505e-01   5.87582671e-01 
  4.06051460e-01   5.88006591e-01   5.28025170e-01   3.58364189e-01   6.51322210e-01   6.60835552e-01   7.78589755e-01   5.47977314e-01   5.38913853e-01   5.77401636e-01   4.63665600e-01   5.75751965e-01   4.87090815e-01   5.78293198e-01   5.54958815e-01   5.70956774e-01   6.89570568e-01   7.46831798e-01   6.79413455e-01   6.76741547e-01   6.17369162e-01   5.67789005e-01   4.19352602e-01   6.57960748e-01   6.10605387e-01   6.54842919e-01   6.27234931e-01   1.00000000e+00   6.34691580e-01   6.88958791e-01   6.31167408e-01   5.84236333e-01   3.47952085e-01   6.17846665e-01   6.94726167e-01   6.19715988e-01   6.71996652e-01   6.04237306e-01   6.47120805e-01   5.66788827e-01   7.51818457e-01   6.41890742e-01   7.15006729e-01   6.44282466e-01   5.85046217e-01   6.40471568e-01   7.11375890e-01   7.29874414e-01   6.37818459e-01   6.53026957e-01   6.69408833e-01   4.42101355e-01   5.99055642e-01   5.77027581e-01   4.50248404e-01 
  5.22249441e-01   7.45665150e-01   6.62875560e-01   5.09136292e-01   8.35773936e-01   8.30084818e-01   5.95577395e-01   6.12480047e-01   8.02142211e-01   8.62020497e-01   5.64849481e-01   8.58687352e-01   6.24909668e-01   7.08421439e-01   5.18680897e-01   6.69604615e-01   7.95836328e-01   7.44762601e-01   7.30993362e-01   6.99000426e-01   2.70439309e-01   2.88378461e-01   5.02371663e-01   4.22460577e-01   3.42780176e-01   6.61402459e-01   3.69558002e-01   6.34691580e-01   1.00000000e+00   8.87023822e-01   8.68503608e-01   5.39056357e-01   3.36786913e-01   8.49066588e-01   7.72839596e-01   8.59583745e-01   9.01745467e-01   8.15828982e-01   9.08115543e-01   4.10695775e-01   7.06252297e-01   7.83794600e-01   7.17670477e-01   7.82701108e-01   4.49154891e-01   7.72364084e-01   4.63955614e-01   4.97902820e-01   7.24667569e-01   4.66692954e-01   7.55185464e-01   4.70372810e-01   3.43204896e-01   5.79458737e-01   3.06009518e-01 
  4.90717791e-01   6.67434533e-01   6.09345629e-01   4.58644978e-01   7.29832397e-01   7.80014242e-01   7.46345466e-01   6.12191938e-01   7.08644416e-01   8.07239616e-01   5.95735209e-01   7.99855828e-01   5.60321360e-01   6.48356961e-01   5.87262595e-01   6.40051610e-01   7.31485379e-01   7.98325325e-01   7.09587535e-01   7.16034676e-01   3.98130185e-01   3.69712468e-01   4.91003845e-01   5.81893142e-01   5.03450550e-01   6.67234336e-01   5.26045950e-01   6.88958791e-01   8.87023822e-01   1.00000000e+00   8.24082293e-01   5.63230404e-01   3.24408289e-01   8.30598926e-01   7.79623191e-01   8.28011940e-01   8.91934385e-01   7.73592159e-01   9.00848878e-01   6.05741254e-01   7.46114212e-01   7.09440581e-01   7.86870829e-01   7.45725773e-01   5.39462731e-01   7.59953377e-01   5.82271201e-01   6.09328413e-01   7.31801587e-01   6.08605899e-01   7.30033099e-01   4.82353969e-01   4.89752198e-01   6.00232116e-01   4.29506342e-01 
  5.15520336e-01   7.17037905e-01   6.12253017e-01   4.61244380e-01   7.76202676e-01   8.66686519e-01   6.16071251e-01   5.74817498e-01   7.11502665e-01   8.25834589e-01   5.34402378e-01   7.79859682e-01   5.80962595e-01   6.84986054e-01   5.24159431e-01   6.43668288e-01   8.02323765e-01   7.77054693e-01   8.23605163e-01   7.81844824e-01   3.27304306e-01   3.25287178e-01   4.61940284e-01   5.02315008e-01   4.12561926e-01   6.33829118e-01   4.38908412e-01   6.31167408e-01   8.68503608e-01   8.24082293e-01   1.00000000e+00   5.23588396e-01   3.34775883e-01   9.47140764e-01   7.31187077e-01   9.13579598e-01   8.12159840e-01   8.52830978e-01   8.52210233e-01   4.65841430e-01   6.76229412e-01   7.27194515e-01   6.94457925e-01   8.24352375e-01   4.58114337e-01   8.01986885e-01   5.07238309e-01   5.37310342e-01   7.58100123e-01   5.02513776e-01   7.06388630e-01   4.40425867e-01   3.87862729e-01   5.51471482e-01   3.52461663e-01 
  3.94990345e-01   4.81281151e-01   5.36461864e-01   4.31466402e-01   5.16264596e-01   5.01875914e-01   5.36801532e-01   5.55607934e-01   5.05683219e-01   4.99549885e-01   6.07214532e-01   4.92251398e-01   4.94709895e-01   4.84426502e-01   5.09284071e-01   4.93310829e-01   5.01940693e-01   5.25011544e-01   4.86572841e-01   4.72638563e-01   3.37397744e-01   4.43641980e-01   5.18806650e-01   3.89194995e-01   3.47758524e-01   5.58934531e-01   3.54406268e-01   5.84236333e-01   5.39056357e-01   5.63230404e-01   5.23588396e-01   1.00000000e+00   5.50956338e-01   5.05685251e-01   6.86460619e-01   5.18173703e-01   5.63783376e-01   5.04956256e-01   5.59704332e-01   4.10455876e-01   6.95496953e-01   5.29838400e-01   5.54382870e-01   4.92905089e-01   5.45572192e-01   4.88829604e-01   4.36139262e-01   4.57285442e-01   5.05873331e-01   4.44982830e-01   5.22326420e-01   4.99636680e-01   3.70865731e-01   6.01462742e-01   3.50842379e-01 
  2.89487815e-01   3.10542531e-01   3.27315737e-01   2.58572175e-01   3.10410860e-01   3.16769710e-01   2.82569904e-01   3.60754316e-01   3.22628024e-01   3.24287683e-01   3.53253330e-01   3.32799967e-01   3.27690865e-01   3.21294863e-01   2.72090946e-01   3.38714437e-01   3.10220099e-01   3.11166067e-01   3.17129839e-01   2.94660288e-01   2.19994821e-01   3.49203882e-01   4.01995842e-01   2.27289896e-01   1.90457805e-01   4.18884542e-01   2.00422113e-01   3.47952085e-01   3.36786913e-01   3.24408289e-01   3.34775883e-01   5.50956338e-01   1.00000000e+00   3.23373508e-01   3.90119417e-01   3.46641465e-01   3.45298897e-01   3.31003979e-01   3.32893249e-01   2.26315804e-01   4.01920581e-01   3.41441858e-01   3.29623718e-01   3.14354951e-01   3.20090953e-01   3.17089167e-01   2.32539488e-01   2.38893376e-01   3.47185126e-01   2.65521930e-01   3.20260435e-01   4.00297215e-01   2.10719969e-01   3.77887623e-01   1.86184282e-01 
  4.87309906e-01   6.85377307e-01   5.84565965e-01   4.37843444e-01   7.32174119e-01   8.56570278e-01   6.02104632e-01   5.71031699e-01   6.80910956e-01   8.15637201e-01   5.35565171e-01   7.73283857e-01   5.57077983e-01   6.54746699e-01   5.03998962e-01   6.43876622e-01   7.85573774e-01   7.76065970e-01   8.03477587e-01   8.17688697e-01   3.21224821e-01   3.10858272e-01   4.46942175e-01   4.97246069e-01   4.24562879e-01   6.22173864e-01   4.36245670e-01   6.17846665e-01   8.49066588e-01   8.30598926e-01   9.47140764e-01   5.05685251e-01   3.23373508e-01   1.00000000e+00   7.11707775e-01   9.12000653e-01   7.96064447e-01   8.81512990e-01   8.58391457e-01   4.65583289e-01   6.77802948e-01   7.03175293e-01   6.87003452e-01   7.95911125e-01   4.40642292e-01   8.15585534e-01   4.96484424e-01   5.21594599e-01   7.42282056e-01   4.92333388e-01   6.90641295e-01   4.31483857e-01   3.81046810e-01   5.41804006e-01   3.44390407e-01 
  5.65565800e-01   7.12988906e-01   7.02779625e-01   5.15579493e-01   7.43579411e-01   7.03560989e-01   6.62529073e-01   6.91456196e-01   7.63555655e-01   7.33958066e-01   7.22714686e-01   7.00594024e-01   6.40801824e-01   6.81388675e-01   6.02531357e-01   6.57390862e-01   6.54593008e-01   6.62304104e-01   6.38600204e-01   6.02313753e-01   3.18733766e-01   3.62459525e-01   5.45650628e-01   4.60795578e-01   3.74505526e-01   7.33181027e-01   3.95211334e-01   6.94726167e-01   7.72839596e-01   7.79623191e-01   7.31187077e-01   6.86460619e-01   3.90119417e-01   7.11707775e-01   1.00000000e+00   7.28284710e-01   7.65538224e-01   6.64876393e-01   7.84551381e-01   4.54836134e-01   8.05479903e-01   7.07745358e-01   7.19706605e-01   6.71595700e-01   5.30602967e-01   6.67638173e-01   5.21194667e-01   5.44764501e-01   6.82871379e-01   5.58090704e-01   7.10043523e-01   5.16079715e-01   3.89997458e-01   6.62567822e-01   3.69041729e-01 
  5.34729229e-01   7.04297639e-01   6.12348984e-01   4.63631439e-01   7.32093342e-01   8.39974306e-01   6.14817257e-01   5.76924004e-01   7.31295003e-01   8.11540530e-01   5.62324010e-01   8.27048347e-01   5.78761174e-01   6.79596922e-01   5.32597862e-01   6.49126069e-01   7.54648863e-01   7.51279510e-01   8.19084293e-01   7.67572279e-01   3.25768076e-01   3.31075010e-01   4.73025268e-01   5.10677402e-01   4.05449614e-01   6.57022410e-01   4.32482939e-01   6.19715988e-01   8.59583745e-01   8.28011940e-01   9.13579598e-01   5.18173703e-01   3.46641465e-01   9.12000653e-01   7.28284710e-01   1.00000000e+00   8.40442580e-01   9.06725289e-01   8.00511210e-01   4.62564543e-01   6.67592161e-01   6.91335475e-01   6.82425104e-01   7.81198200e-01   4.65491345e-01   7.82787671e-01   4.97328472e-01   5.29508339e-01   7.95328443e-01   5.31169493e-01   6.79892326e-01   4.51817778e-01   3.90008598e-01   5.59148165e-01   3.59522104e-01 
  5.47196120e-01   7.08374108e-01   6.48984397e-01   5.01826242e-01   7.60378553e-01   7.96945321e-01   6.71593700e-01   6.33415171e-01   7.54631992e-01   7.93846320e-01   5.83262768e-01   8.56172738e-01   6.05865803e-01   6.76415393e-01   5.73447030e-01   6.86459605e-01   7.42394616e-01   7.78082219e-01   7.16385420e-01   7.21235154e-01   3.24424096e-01   3.33947758e-01   5.16563747e-01   4.99444774e-01   4.17050809e-01   6.80109731e-01   4.41324460e-01   6.71996652e-01   9.01745467e-01   8.91934385e-01   8.12159840e-01   5.63783376e-01   3.45298897e-01   7.96064447e-01   7.65538224e-01   8.40442580e-01   1.00000000e+00   8.67246085e-01   8.43601592e-01   4.86280933e-01   6.98519311e-01   7.40120972e-01   7.49150834e-01   7.57053485e-01   5.10880451e-01   7.53752450e-01   5.17421944e-01   5.41882208e-01   7.61848089e-01   5.55985879e-01   7.29724479e-01   4.93221095e-01   4.14948351e-01   6.03974395e-01   3.63637014e-01 
  4.87496532e-01   6.53435136e-01   5.63520928e-01   4.28411984e-01   6.76974840e-01   8.06276517e-01   5.93651661e-01   5.35443100e-01   6.64390158e-01   7.28010401e-01   5.00568773e-01   7.99888232e-01   5.39376654e-01   6.16620284e-01   4.97170018e-01   6.50346037e-01   7.45715351e-01   7.55711137e-01   7.82414698e-01   8.11240384e-01   3.29911355e-01   3.19544230e-01   4.40776844e-01   5.04839893e-01   4.39850880e-01   5.98192473e-01   4.45928473e-01   6.04237306e-01   8.15828982e-01   7.73592159e-01   8.52830978e-01   5.04956256e-01   3.31003979e-01   8.81512990e-01   6.64876393e-01   9.06725289e-01   8.67246085e-01   1.00000000e+00   7.41210080e-01   4.58563016e-01   6.25810969e-01   6.72107861e-01   6.52709075e-01   7.43696189e-01   4.45262505e-01   7.48709940e-01   4.97718975e-01   5.17072444e-01   7.48776172e-01   5.04013680e-01   6.30825962e-01   4.23766910e-01   3.89958142e-01   5.25700210e-01   3.55766920e-01 
  5.01050102e-01   7.01787026e-01   6.62144248e-01   5.12253886e-01   8.05958333e-01   7.93427120e-01   6.46169031e-01   6.24250198e-01   7.42598951e-01   8.63917400e-01   5.88727295e-01   7.60257180e-01   6.17146924e-01   6.86488611e-01   5.51818131e-01   6.34139168e-01   7.68527705e-01   7.79500152e-01   7.12730677e-01   7.07017878e-01   3.08788397e-01   3.15536837e-01   5.14201673e-01   4.75343839e-01   3.98392671e-01   6.57450309e-01   4.21483549e-01   6.47120805e-01   9.08115543e-01   9.00848878e-01   8.52210233e-01   5.59704332e-01   3.32893249e-01   8.58391457e-01   7.84551381e-01   8.00511210e-01   8.43601592e-01   7.41210080e-01   1.00000000e+00   4.97948415e-01   7.29758587e-01   7.54919801e-01   7.40365186e-01   7.62383883e-01   4.81710599e-01   7.56196943e-01   4.92661662e-01   5.27981508e-01   7.14535433e-01   5.09397920e-01   7.89446461e-01   4.86796558e-01   3.96815820e-01   5.94188613e-01   3.52828501e-01 
  1.43308766e-01   2.53738181e-01   2.26832654e-01   1.31175876e-01   2.90152146e-01   3.83132266e-01   7.03344428e-01   2.16804436e-01   2.65593322e-01   3.70919525e-01   2.90874243e-01   3.64330848e-01   2.08891786e-01   2.76563020e-01   4.21744936e-01   2.81465881e-01   3.97919711e-01   5.28193363e-01   4.37187670e-01   4.71796108e-01   7.33898928e-01   5.61630000e-01   2.17562403e-01   7.73709316e-01   8.02131703e-01   3.06617150e-01   8.12666020e-01   5.66788827e-01   4.10695775e-01   6.05741254e-01   4.65841430e-01   4.10455876e-01   2.26315804e-01   4.65583289e-01   4.54836134e-01   4.62564543e-01   4.86280933e-01   4.58563016e-01   4.97948415e-01   1.00000000e+00   5.64620082e-01   3.13336006e-01   4.63888623e-01   4.05650548e-01   5.55688910e-01   4.11736663e-01   7.05158312e-01   6.91563294e-01   4.14563953e-01   6.77061859e-01   3.75329769e-01   2.55354474e-01   7.84275371e-01   3.29146651e-01   6.89488785e-01 
  4.05692976e-01   5.36799188e-01   5.30316277e-01   3.92806734e-01   6.02458489e-01   6.05464514e-01   6.83445347e-01   5.87591978e-01   6.48439809e-01   6.58663034e-01   5.72145017e-01   6.31238400e-01   4.88504087e-01   5.40510728e-01   5.54539938e-01   5.35931049e-01   5.90704514e-01   6.33309538e-01   5.80730362e-01   5.80488095e-01   4.37951107e-01   4.73701709e-01   4.66163773e-01   5.11298978e-01   4.64850171e-01   5.78836937e-01   4.74953720e-01   7.51818457e-01   7.06252297e-01   7.46114212e-01   6.76229412e-01   6.95496953e-01   4.01920581e-01   6.77802948e-01   8.05479903e-01   6.67592161e-01   6.98519311e-01   6.25810969e-01   7.29758587e-01   5.64620082e-01   1.00000000e+00   6.03435239e-01   6.61332973e-01   5.86623305e-01   5.83637904e-01   5.94271972e-01   5.97625773e-01   6.15013162e-01   5.85733106e-01   5.59313993e-01   6.21527767e-01   4.71246924e-01   4.98878313e-01   6.16424900e-01   4.83315607e-01 
  5.58373305e-01   7.84127735e-01   7.15560792e-01   5.61087545e-01   8.80635210e-01   7.99424320e-01   5.98102273e-01   6.70024051e-01   6.98545629e-01   7.08850158e-01   5.40253052e-01   6.77358532e-01   7.87099213e-01   8.48028577e-01   6.13765301e-01   8.46040881e-01   7.51990459e-01   7.10115165e-01   6.92751953e-01   6.60062709e-01   2.32285776e-01   2.73049428e-01   5.50971669e-01   3.84232667e-01   2.99730706e-01   7.10190394e-01   3.25764210e-01   6.41890742e-01   7.83794600e-01   7.09440581e-01   7.27194515e-01   5.29838400e-01   3.41441858e-01   7.03175293e-01   7.07745358e-01   6.91335475e-01   7.40120972e-01   6.72107861e-01   7.54919801e-01   3.13336006e-01   6.03435239e-01   1.00000000e+00   8.81009340e-01   8.37007328e-01   5.02303887e-01   8.25873460e-01   4.91403663e-01   5.50851618e-01   8.33604870e-01   5.44802506e-01   8.91730106e-01   5.61116607e-01   3.47165640e-01   6.95335088e-01   2.72387091e-01 
